芒种
	Penbeat Cover

本家: 音阙诗听
Cover: av65031741 | 月了个光
扒谱: 楊楊君(逐梦翻译组)
排版: 榊十代(逐梦翻译组)

4/4 (8/8)
R | 0  0  0  0  0  0  2  0  | 1  0  0  0  0  0  2  0  |

R | 1  0  0  0  0  0  2  0  | 1  0  0  0  0  0  2  0  |

R | 0  0  f  0  0  0  f  0  | 0  0  f  0  0  0  f  0  |
L | 1        1     1        | 1        1     1        |

R | 0  0  f  0  0  0  f  0  | 0  0  f  0  0  0  f  0  |
L | 1        1     1        | 1        1     1        |

R | 0  0  f  0  0  0  f  0  | 0  0  f  0  0  0  f  0  |
L | 1        1     1        | 1        1     1     1  |

R | 0  0  f  0  0  0  f  0  | 0  0  f  0  0  0  f  0  |
L | 1        1     1        | 1        1     1        |

R | 0  0  f  0  0  0  f  0  | 0  0  f  0  0  0  f  0  |
L | 1        1     1     1  | 1        1     1     1  |

R | 0  0  f  0  0  0  f  0  | 0  0  f  0  0  0  f  0  |
L | 1        1     1        | 1        1     1     1  |

R | 0  0  f  0  0  0  f  0  | 0  0  f  0  0  0  f  0  |
L | 1        1     1        | 1        1     1     1  |

R | 0  0  f  0  0  0  f  0  | 0  0  f  0  0  0  f  0  |
L | 1        1     1        | 1        1     1        |

R | 0  0  0  0  0  0  0  0  | 2  0  2  0  2  0  2  0  |

R | 2  0  2  0  2  0  2  0  | 2  0  2  0  2  0  2  0  |
L |    2     2     2     2  |    2     2     2     2  |

R | (2 2 )(2 2 )(2 2 )(2 2 )(2 2 )(2 2 )(2 2 )(2 2 ) |
L | ( 2 2)( 2 2)( 2 2)( 2 2)( 2 2)( 2 2)( 2 2)( 2 2) | 

R | (2 2 )(2 2 )(2 2 )(2 2 ) 2  0  0  0 |
L | ( 2 2)( 2 2)( 2 2)( 2 2)    2  2    |

R | 1  4  3  1  2  1  3  5  | 1  4  3  1  2  1  3  2  |
L |     1  2  3  2  2  1  6 |  2  1  2  3  2  2  1  2 |

R | 1  4  3  1  2  2  3  6  | 1  4  3  1  2  1  3  5  |
L |     1  2  2  1  2  2  6 |  2  1  2  3  2  2  1  5 |

R | 1  4  3  1  2  1  3  6  | 1  4  3  1  2  1  3  6  |
L |  2  1  2  3  2  2  1  6 |  2  1  2  3  2  2  1  6 |

R | 1  4  3  1  2  1  3  5  | 1  4  3  1  2  1  3  5  |
L |  2  1  2  3  2  2  1  5 |  2  1  2  3  2  2  1  5 |

R | 1  4  3  1  2  1  3  6  | 1  4  3  1  2  1  3  5  |
L |     1  2  3  2     1  6 |     1  2  3  2     1  5 |

R | 1  4  3  1  2  1  3  6  | 1  4  3  1  2  2  3  6  |
L |     1  2  2  1  2  2  6 |     1  2  2  1  2     6 |

R | 1  0  0  0  0  0  0  0  |

R | 0  0  f  0  0  0  f  0  | 0  0  f  0  0  0  f  0  |
L | 1        1     1        | 1        1     1        |

R | 0  0  f  0  0  0  f  0  | 0  0  f  0  0  0  f  0  |
L | 1        1     1     1  | 1        1     1        |

R | 0  0  f  0  0  0  f  0  | 0  0  f  0  0  0  f  0  |
L | 1        1     1        | 1        1     1     1  |

R | 0  0  f  0  0  0  f  0  | 0  0  f  0  0  0  f  0  |
L | 1        1     1        | 1        1     1        |

R | 0  0  f  0  0  0  f  0  | 0  0  f  0  0  0  f  0  |
L | 1        1     1        | 1        1     1        |

R | 0  0  f  0  0  0  f  0  | 0  0  f  0  0  0  f  0  |
L | 1        1     1     1  | 1        1     1        |

R | 0  2  2  2  2  2  2  2  | 2  2  2  2  2  2  2  2  |
L | 2                       |                         |

R | 2  2  2  2  (2 2 )(2 2 )(2 2 )(2 2 ) |
L |  2  2  2  2 ( 2 2)( 2 2)( 2 2)( 2 2) |

R | (2 2 )(2 2 )(2 2 )(2 2 ) 2  0  0  0  |
L | ( 2 2)( 2 2)( 2 2)( 2 2)             |

R | 0  0  0  0  0  0  0  0  | 1  0  0  0  0  0  0  0  |

R | 0  0  0  0  0  0  0  0  | 0  0  0  0  0  0  0  0  |

R | 1  0  0  0  0  0  0  0  | 0  0  0  0  0  0  0  0  |

R | 0  0  0  0  0  0  0  0  | 0  0  0  0  0  0  0  0  |

R | 0  0  0  0  0  0  0  0  | 0  0  0  0  0  0  0  0  |

R | 0  0  0  0  0  0  0  0  | 0  0  0  0  0  0  0  0  |

R | 4  0  0  0  0  0  0  0  | 0  0  0  0  0  0  0  0  |

R | 0  2  0  2  0  2  0  2  | 0  2  0  2  0  2  0  2  |

R | 1  4  3  1  2  2  3  6  | 1  4  3  1  2  2  3  6  |
L |  2  2  2  3  1  2  1  6 |  2  1  2  3  1  2  1  6 |

R | 1  4  3  1  2  2  3  2  | 1  2  3  1  2  2  3  2  |
L |  2  1  2  3  1  2  1  2 |     1  2  3  1  2  1  2 |

R | 1  2  3  1  2  1  3  2  | 1  2  3  1  2  2  3  5  |
L |  2  1  2  1  1  2  1  3 |  2  1  2  3  1  2  1  5 |

R | 1  2  3  1  2  2  3  6  | 1  2  3  1  2  2  3  5  |
L |  2  1  2  3  1  2  1  6 |  2  1  2  3  1  2  1  5 |

R | 1  2  3  1  2  (2 2 ) 3  5  | 1  (2 2 ) 3  1  2  (2 2 ) 3  2  |
L |  2  1  2  3  1 ( 2 2)  2  3 |  2 ( 2 2)  2  3  1 ( 2 2)  2  3 |

R | 1  (2 2 ) 3  2  2  (2 2 ) 3  6  | 1  4  3  1  2  2  3  5  |
L |  2 ( 2 2)  2  1  2 ( 2 2) 2  3  |  6  1  2  3  1  2  1  5 |

R | 1  4  3  1  2  2  3  5  | 1  2  3  1  2  1  3  6  |
L |  2  1  2  3  1  2  1  3 |  2  1  2  1  1  2  1  6 |

R | 1  4  3  1  2  2  3  5  | 1  2  3  1  2  2  3  5  |
L |  2  1  2  3  1  2  1  5 |  2  1  2  3  1  2  1  5 |

R | 1  0  0  0  0  0  0  0  |

- End -

- 特殊音注 -
f : 响指
